01 00 00 00 00 00 00 00 (tag)                           : (NEEDED)
01 00 00 00 00 00 00 00 (name/value) .dynstr offset ?   : Shared library (libc.so.6)

04 00 00 00 00 00 00 00 (tag)                           : (HASH)
40 02 40 00 00 00 00 00 (name/value)

F5 FE FF 6F 00 00 00 00 (tag)                           : (GNU_HASH)
58 02 40 00 00 00 00 00 (name/value)

05 00 00 00 00 00 00 00 : (STRTAB)
C0 02 40 00 00 00 00 00

06 00 00 00 00 00 00 00 : (SYMTAB)
78 02 40 00 00 00 00 00 

0A 00 00 00 00 00 00 00 : (STRSZ)
24 00 00 00 00 00 00 00 

0B 00 00 00 00 00 00 00 : (SYMENT)
18 00 00 00 00 00 00 00 

15 00 00 00 00 00 00 00 : (DEBUG)
00 00 00 00 00 00 00 00 

03 00 00 00 00 00 00 00 : (PLTGOT)
E8 0F 60 00 00 00 00 00

02 00 00 00 00 00 00 00 : (PLTRELSZ)
30 00 00 00 00 00 00 00 

14 00 00 00 00 00 00 00 : (PLTREL)
07 00 00 00 00 00 00 00 

17 00 00 00 00 00 00 00 : (JMPREL)
10 03 40 00 00 00 00 00 

FE FF FF 6F 00 00 00 00 : (VERNEED)
F0 02 40 00 00 00 00 00 

FF FF FF 6F 00 00 00 00 : (VERNEEDNUM)
01 00 00 00 00 00 00 00

F0 FF FF 6F 00 00 00 00 : (VERSYM)
E4 02 40 00 00 00 00 00 

00 00 00 00 00 00 00 00 
00 00 00 00 00 00 00 00 

00 00 00 00 00 00 00 00
00 00 00 00 00 00 00 00 

00 00 00 00 00 00 00 00 
00 00 00 00 00 00 00 00 

00 00 00 00 00 00 00 00 
00 00 00 00 00 00 00 00

00 00 00 00 00 00 00 00 
00 00 00 00 00 00 00 00 

00 00 00 00 00 00 00 00 
00 00 00 00 00 00 00 00 

98 0E 60 00 00 00 00 00
00 00 00 00 00 00 00 00
